
Female

Lead I
0.9
false
19
BiBeat LTD.
3
187
227
216
224
225
206
225
217
224
223
222
222
221
220
216
218
218
203
217
172
209
205
130
215
75
209
137
117
213
33
212
94
147
177
39
210
52
180
145
90
208
30
207
108
138
195
30
206
49
153
134
44
204
-5
162
71
53
156
-26
173
9
73
88
-23
152
-27
98
30
8
126
-27
128
-3
40
84
-28
148
-27
76
28
-19
108
-29
99
-4
18
91
-30
144
-23
65
54
-27
105
-31
5
-29
-31
-30
-29
-29
-28
-27
-27
-26
-26
-24
-24
-23
-22
-21
-20
-20
-19
-18
-18
-17
-17
-16
-16
-15
-14
-14
-13
-12
-12
-11
-11
-10
-10
-9
-9
-9
-8
-7
-6
-6
-5
-4
-4
-3
-3
-2
-2
-1
-1
-1
0
0
0
0
0
0
0
0
1
1
2
2
3
3
4
5
5
6
6
6
6
6
7
7
8
9
9
9
9
10
10
10
11
11
11
11
12
13
13
14
14
14
15
15
16
15
16
16
17
17
17
18
18
18
18
18
19
18
19
19
20
21
21
22
22
21
22
22
23
23
24
24
25
24
23
24
24
25
25
25
26
26
26
26
26
27
27
27
27
27
27
27
28
28
28
28
29
29
28
29
29
30
30
30
30
30
30
31
31
31
31
32
31
31
32
32
33
33
33
33
33
34
33
34
34
33
34
34
34
35
35
35
34
35
35
36
36
36
36
35
36
36
36
36
36
36
36
36
36
36
36
36
36
36
36
37
36
37
36
37
37
37
36
36
37
37
37
37
36
37
37
37
37
37
37
37
38
37
38
38
37
37
37
38
38
37
37
38
38
38
38
38
37
38
38
38
38
37
38
38
38
39
38
38
38
38
38
38
38
38
39
38
39
38
38
38
38
39
38
37
38
38
38
38
38
38
37
38
38
38
38
37
38
38
38
37
37
37
37
38
37
37
37
37
38
37
37
37
37
38
37
37
36
37
37
37
38
36
37
37
37
37
36
37
36
36
37
37
36
36
36
36
36
36
36
36
36
36
36
36
36
36
36
36
36
36
58
36
80
47
44
111
35
110
36
70
91
32
133
32
97
81
48
134
28
126
64
80
127
36
153
61
126
127
85
152
114
151
146
148
149
148
148
147
147
146
146
145
145
144
144
144
144
143
143
142
142
141
141
140
140
139
138
138
137
137
136
136
135
135
135
135
134
134
133
0
0
0
0
0
0
0
0
0
0
